LandisData  "Dynamic Input Data"

>>Yr	Etp	Spec		Pest	MaxANPP	MaxAGB

0	e0121	piceaabi	0.000	998	34,942
0	e0122	piceaabi	0.000	998	34,942
0	e0131	piceaabi	0.000	950	33,238
0	e0132	piceaabi	0.000	950	33,238
0	e0221	piceaabi	0.002	995	34,835
0	e0222	piceaabi	0.002	995	34,835
0	e0231	piceaabi	0.000	947	33,135
0	e0232	piceaabi	0.000	947	33,135
0	e0321	piceaabi	0.004	987	34,558
0	e0322	piceaabi	0.004	987	34,558
0	e0331	piceaabi	0.002	949	33,202
0	e0332	piceaabi	0.002	949	33,202
0	e0421	piceaabi	0.005	984	34,451
0	e0422	piceaabi	0.005	984	34,451
0	e0431	piceaabi	0.003	946	33,100
0	e0432	piceaabi	0.003	946	33,100
0	e0521	piceaabi	0.006	981	34,343
0	e0522	piceaabi	0.006	981	34,343
0	e0531	piceaabi	0.004	943	32,997
0	e0532	piceaabi	0.004	943	32,997
0	e0621	piceaabi	0.007	978	34,236
0	e0622	piceaabi	0.007	978	34,236
0	e0631	piceaabi	0.005	940	32,894
0	e0632	piceaabi	0.005	940	32,894
0	e0721	piceaabi	0.008	970	33,962
0	e0722	piceaabi	0.008	970	33,962
0	e0731	piceaabi	0.005	942	32,958
0	e0732	piceaabi	0.005	942	32,958
0	e0821	piceaabi	0.009	967	33,855
0	e0822	piceaabi	0.009	967	33,855
0	e0831	piceaabi	0.006	939	32,855
0	e0832	piceaabi	0.006	939	32,855
0	e0921	piceaabi	0.011	964	33,749
0	e0922	piceaabi	0.011	964	33,749
0	e0931	piceaabi	0.007	936	32,751
0	e0932	piceaabi	0.007	936	32,751
0	e1021	piceaabi	0.012	961	33,642
0	e1022	piceaabi	0.012	961	33,642
0	e1031	piceaabi	0.007	933	32,648
0	e1032	piceaabi	0.007	933	32,648
0	e1121	piceaabi	0.013	950	33,264
0	e1122	piceaabi	0.013	950	33,264
0	e1131	piceaabi	0.011	932	32,606
0	e1132	piceaabi	0.011	932	32,606
0	e1221	piceaabi	0.016	944	33,052
0	e1222	piceaabi	0.016	944	33,052
0	e1231	piceaabi	0.012	926	32,398
0	e1232	piceaabi	0.012	926	32,398
0	e1321	piceaabi	0.020	938	32,840
0	e1322	piceaabi	0.020	938	32,840
0	e1331	piceaabi	0.016	920	32,190
0	e1332	piceaabi	0.016	920	32,190
0	e1421	piceaabi	0.024	932	32,628
0	e1422	piceaabi	0.024	932	32,628
0	e1431	piceaabi	0.020	914	31,982
0	e1432	piceaabi	0.020	914	31,982
0	e1521	piceaabi	0.031	926	32,416
0	e1522	piceaabi	0.031	926	32,416
0	e1531	piceaabi	0.025	908	31,774
0	e1532	piceaabi	0.025	908	31,774
0	e1621	piceaabi	0.040	920	32,204
0	e1622	piceaabi	0.040	920	32,204
0	e1631	piceaabi	0.032	902	31,566
0	e1632	piceaabi	0.032	902	31,566
0	e1721	piceaabi	0.059	908	31,780
0	e1722	piceaabi	0.059	908	31,780
0	e1731	piceaabi	0.049	890	31,150
0	e1732	piceaabi	0.049	890	31,150
0	e1821	piceaabi	0.088	896	31,355
0	e1822	piceaabi	0.088	896	31,355
0	e1831	piceaabi	0.074	878	30,735
0	e1832	piceaabi	0.074	878	30,735
0	e1921	piceaabi	0.131	884	30,931
0	e1922	piceaabi	0.131	884	30,931
0	e1931	piceaabi	0.111	866	30,319
0	e1932	piceaabi	0.111	866	30,319
0	e2021	piceaabi	0.211	872	30,507
0	e2022	piceaabi	0.211	872	30,507
0	e2031	piceaabi	0.178	854	29,903
0	e2032	piceaabi	0.178	854	29,903
0	e2121	piceaabi	0.316	860	30,083
0	e2122	piceaabi	0.316	860	30,083
0	e2131	piceaabi	0.266	842	29,487
0	e2132	piceaabi	0.266	842	29,487
0	e2221	piceaabi	0.445	847	29,659
0	e2222	piceaabi	0.445	847	29,659
0	e2231	piceaabi	0.375	831	29,071
0	e2232	piceaabi	0.375	831	29,071
0	e2321	piceaabi	0.658	823	28,810
0	e2322	piceaabi	0.658	823	28,810
0	e2331	piceaabi	0.583	807	28,240
0	e2332	piceaabi	0.583	807	28,240
0	e2421	piceaabi	0.827	799	27,962
0	e2422	piceaabi	0.827	799	27,962
0	e2431	piceaabi	0.734	783	27,408
0	e2432	piceaabi	0.734	783	27,408
0	e2521	piceaabi	0.906	779	27,248
0	e2522	piceaabi	0.906	779	27,248
0	e2531	piceaabi	0.795	755	26,442
0	e2532	piceaabi	0.795	755	26,442
0	e2621	piceaabi	0.910	724	25,347
0	e2622	piceaabi	0.910	724	25,347
0	e2631	piceaabi	0.791	696	24,353
0	e2632	piceaabi	0.791	696	24,353
0	e2721	piceaabi	0.904	656	22,960
0	e2722	piceaabi	0.904	656	22,960
0	e2731	piceaabi	0.740	624	21,840
0	e2732	piceaabi	0.740	624	21,840
0	e2821	piceaabi	0.866	578	20,213
0	e2822	piceaabi	0.866	578	20,213
0	e2831	piceaabi	0.641	523	18,288
0	e2832	piceaabi	0.641	523	18,288
0	e2921	piceaabi	0.708	495	17,325
0	e2922	piceaabi	0.708	495	17,325
0	e2931	piceaabi	0.378	405	14,175
0	e2932	piceaabi	0.378	405	14,175
0	e3021	piceaabi	0.432	360	12,600
0	e3022	piceaabi	0.432	360	12,600
0	e3031	piceaabi	0.192	240	8,400
0	e3032	piceaabi	0.192	240	8,400
					
0	e0121	abiesalb	0.000	935	37,380
0	e0122	abiesalb	0.000	890	35,600
0	e0131	abiesalb	0.000	890	35,600
0	e0132	abiesalb	0.000	846	33,820
0	e0221	abiesalb	0.002	927	37,077
0	e0222	abiesalb	0.001	887	35,480
0	e0231	abiesalb	0.001	887	35,480
0	e0232	abiesalb	0.001	847	33,883
0	e0321	abiesalb	0.004	919	36,774
0	e0322	abiesalb	0.003	884	35,360
0	e0331	abiesalb	0.003	884	35,360
0	e0332	abiesalb	0.002	849	33,946
0	e0421	abiesalb	0.008	912	36,473
0	e0422	abiesalb	0.007	881	35,240
0	e0431	abiesalb	0.005	881	35,240
0	e0432	abiesalb	0.004	850	34,007
0	e0521	abiesalb	0.013	904	36,174
0	e0522	abiesalb	0.011	878	35,120
0	e0531	abiesalb	0.009	878	35,120
0	e0532	abiesalb	0.007	852	34,066
0	e0621	abiesalb	0.018	901	36,050
0	e0622	abiesalb	0.015	875	35,000
0	e0631	abiesalb	0.013	875	35,000
0	e0632	abiesalb	0.010	849	33,950
0	e0721	abiesalb	0.023	894	35,752
0	e0722	abiesalb	0.020	872	34,880
0	e0731	abiesalb	0.016	872	34,880
0	e0732	abiesalb	0.013	850	34,008
0	e0821	abiesalb	0.029	891	35,629
0	e0822	abiesalb	0.024	869	34,760
0	e0831	abiesalb	0.020	869	34,760
0	e0832	abiesalb	0.015	847	33,891
0	e0921	abiesalb	0.034	883	35,333
0	e0922	abiesalb	0.029	866	34,640
0	e0931	abiesalb	0.023	866	34,640
0	e0932	abiesalb	0.018	849	33,947
0	e1021	abiesalb	0.039	880	35,210
0	e1022	abiesalb	0.033	863	34,520
0	e1031	abiesalb	0.027	863	34,520
0	e1032	abiesalb	0.021	846	33,830
0	e1121	abiesalb	0.042	873	34,916
0	e1122	abiesalb	0.037	860	34,400
0	e1131	abiesalb	0.033	860	34,400
0	e1132	abiesalb	0.028	847	33,884
0	e1221	abiesalb	0.048	868	34,713
0	e1222	abiesalb	0.042	855	34,200
0	e1231	abiesalb	0.038	855	34,200
0	e1232	abiesalb	0.032	842	33,687
0	e1321	abiesalb	0.054	863	34,510
0	e1322	abiesalb	0.047	850	34,000
0	e1331	abiesalb	0.043	850	34,000
0	e1332	abiesalb	0.036	837	33,490
0	e1421	abiesalb	0.060	858	34,307
0	e1422	abiesalb	0.053	845	33,800
0	e1431	abiesalb	0.048	845	33,800
0	e1432	abiesalb	0.040	832	33,293
0	e1521	abiesalb	0.072	853	34,104
0	e1522	abiesalb	0.063	840	33,600
0	e1531	abiesalb	0.057	840	33,600
0	e1532	abiesalb	0.048	827	33,096
0	e1621	abiesalb	0.084	848	33,901
0	e1622	abiesalb	0.074	835	33,400
0	e1631	abiesalb	0.067	835	33,400
0	e1632	abiesalb	0.056	822	32,899
0	e1721	abiesalb	0.096	842	33,698
0	e1722	abiesalb	0.084	830	33,200
0	e1731	abiesalb	0.076	830	33,200
0	e1732	abiesalb	0.064	818	32,702
0	e1821	abiesalb	0.120	832	33,292
0	e1822	abiesalb	0.105	820	32,800
0	e1831	abiesalb	0.095	820	32,800
0	e1832	abiesalb	0.080	808	32,308
0	e1921	abiesalb	0.144	822	32,886
0	e1922	abiesalb	0.126	810	32,400
0	e1931	abiesalb	0.114	810	32,400
0	e1932	abiesalb	0.096	798	31,914
0	e2021	abiesalb	0.192	812	32,480
0	e2022	abiesalb	0.168	800	32,000
0	e2031	abiesalb	0.152	800	32,000
0	e2032	abiesalb	0.128	788	31,520
0	e2121	abiesalb	0.240	802	32,074
0	e2122	abiesalb	0.210	790	31,600
0	e2131	abiesalb	0.190	790	31,600
0	e2132	abiesalb	0.160	778	31,126
0	e2221	abiesalb	0.312	792	31,668
0	e2222	abiesalb	0.273	780	31,200
0	e2231	abiesalb	0.247	780	31,200
0	e2232	abiesalb	0.208	768	30,732
0	e2321	abiesalb	0.408	782	31,262
0	e2322	abiesalb	0.357	770	30,800
0	e2331	abiesalb	0.323	770	30,800
0	e2332	abiesalb	0.272	758	30,338
0	e2421	abiesalb	0.480	770	30,804
0	e2422	abiesalb	0.420	759	30,351
0	e2431	abiesalb	0.380	751	30,049
0	e2432	abiesalb	0.320	740	29,596
0	e2521	abiesalb	0.384	742	29,664
0	e2522	abiesalb	0.336	727	29,088
0	e2531	abiesalb	0.304	713	28,512
0	e2532	abiesalb	0.256	698	27,936
0	e2621	abiesalb	0.234	690	27,600
0	e2622	abiesalb	0.216	648	25,920
0	e2631	abiesalb	0.171	552	22,080
0	e2632	abiesalb	0.162	510	20,400
0	e2721	abiesalb	0.096	480	19,200
0	e2722	abiesalb	0.084	390	15,600
0	e2731	abiesalb	0.057	210	8,400
0	e2732	abiesalb	0.054	120	4,800
0	e2821	abiesalb	0.000	0	0
0	e2822	abiesalb	0.000	0	0
0	e2831	abiesalb	0.000	0	0
0	e2832	abiesalb	0.000	0	0
0	e2921	abiesalb	0.000	0	0
0	e2922	abiesalb	0.000	0	0
0	e2931	abiesalb	0.000	0	0
0	e2932	abiesalb	0.000	0	0
0	e3021	abiesalb	0.000	0	0
0	e3022	abiesalb	0.000	0	0
0	e3031	abiesalb	0.000	0	0
0	e3032	abiesalb	0.000	0	0
					
0	e0121	fagussyl	0.022	819	28,665
0	e0122	fagussyl	0.021	780	27,300
0	e0131	fagussyl	0.019	780	27,300
0	e0132	fagussyl	0.018	741	25,935
0	e0221	fagussyl	0.088	808	28,283
0	e0222	fagussyl	0.084	777	27,195
0	e0231	fagussyl	0.076	777	27,195
0	e0232	fagussyl	0.072	746	26,107
0	e0321	fagussyl	0.147	797	27,903
0	e0322	fagussyl	0.154	774	27,090
0	e0331	fagussyl	0.133	774	27,090
0	e0332	fagussyl	0.126	751	26,277
0	e0421	fagussyl	0.210	790	27,660
0	e0422	fagussyl	0.220	771	26,985
0	e0431	fagussyl	0.190	771	26,985
0	e0432	fagussyl	0.180	752	26,310
0	e0521	fagussyl	0.275	787	27,552
0	e0522	fagussyl	0.263	768	26,880
0	e0531	fagussyl	0.238	768	26,880
0	e0532	fagussyl	0.225	749	26,208
0	e0621	fagussyl	0.330	784	27,444
0	e0622	fagussyl	0.315	765	26,775
0	e0631	fagussyl	0.285	765	26,775
0	e0632	fagussyl	0.270	746	26,106
0	e0721	fagussyl	0.380	781	27,337
0	e0722	fagussyl	0.362	762	26,670
0	e0731	fagussyl	0.328	762	26,670
0	e0732	fagussyl	0.311	743	26,003
0	e0821	fagussyl	0.429	778	27,229
0	e0822	fagussyl	0.410	759	26,565
0	e0831	fagussyl	0.371	759	26,565
0	e0832	fagussyl	0.351	740	25,901
0	e0921	fagussyl	0.473	775	27,122
0	e0922	fagussyl	0.452	756	26,460
0	e0931	fagussyl	0.409	756	26,460
0	e0932	fagussyl	0.387	737	25,799
0	e1021	fagussyl	0.517	772	27,014
0	e1022	fagussyl	0.494	753	26,355
0	e1031	fagussyl	0.447	753	26,355
0	e1032	fagussyl	0.423	734	25,696
0	e1121	fagussyl	0.556	766	26,799
0	e1122	fagussyl	0.530	747	26,145
0	e1131	fagussyl	0.480	747	26,145
0	e1132	fagussyl	0.455	728	25,491
0	e1221	fagussyl	0.594	760	26,583
0	e1222	fagussyl	0.567	741	25,935
0	e1231	fagussyl	0.513	741	25,935
0	e1232	fagussyl	0.486	722	25,287
0	e1321	fagussyl	0.627	753	26,368
0	e1322	fagussyl	0.599	735	25,725
0	e1331	fagussyl	0.542	735	25,725
0	e1332	fagussyl	0.513	717	25,082
0	e1421	fagussyl	0.660	747	26,153
0	e1422	fagussyl	0.630	729	25,515
0	e1431	fagussyl	0.570	729	25,515
0	e1432	fagussyl	0.540	711	24,877
0	e1521	fagussyl	0.688	741	25,938
0	e1522	fagussyl	0.656	723	25,305
0	e1531	fagussyl	0.594	723	25,305
0	e1532	fagussyl	0.563	705	24,672
0	e1621	fagussyl	0.715	735	25,722
0	e1622	fagussyl	0.683	717	25,095
0	e1631	fagussyl	0.618	717	25,095
0	e1632	fagussyl	0.585	699	24,468
0	e1721	fagussyl	0.743	726	25,400
0	e1722	fagussyl	0.709	708	24,780
0	e1731	fagussyl	0.641	708	24,780
0	e1732	fagussyl	0.608	690	24,161
0	e1821	fagussyl	0.770	716	25,077
0	e1822	fagussyl	0.735	699	24,465
0	e1831	fagussyl	0.665	699	24,465
0	e1832	fagussyl	0.630	682	23,853
0	e1921	fagussyl	0.792	707	24,754
0	e1922	fagussyl	0.756	690	24,150
0	e1931	fagussyl	0.684	690	24,150
0	e1932	fagussyl	0.648	673	23,546
0	e2021	fagussyl	0.814	698	24,431
0	e2022	fagussyl	0.777	681	23,835
0	e2031	fagussyl	0.703	681	23,835
0	e2032	fagussyl	0.666	664	23,239
0	e2121	fagussyl	0.825	689	24,108
0	e2122	fagussyl	0.788	672	23,520
0	e2131	fagussyl	0.713	672	23,520
0	e2132	fagussyl	0.675	655	22,932
0	e2221	fagussyl	0.825	680	23,785
0	e2222	fagussyl	0.788	663	23,205
0	e2231	fagussyl	0.713	663	23,205
0	e2232	fagussyl	0.675	646	22,625
0	e2321	fagussyl	0.805	670	23,433
0	e2322	fagussyl	0.770	653	22,864
0	e2331	fagussyl	0.630	647	22,636
0	e2332	fagussyl	0.595	637	22,295
0	e2421	fagussyl	0.600	639	22,351
0	e2422	fagussyl	0.575	632	22,134
0	e2431	fagussyl	0.425	608	21,266
0	e2432	fagussyl	0.400	601	21,049
0	e2521	fagussyl	0.375	594	20,790
0	e2522	fagussyl	0.360	578	20,213
0	e2531	fagussyl	0.240	523	18,288
0	e2532	fagussyl	0.225	506	17,710
0	e2621	fagussyl	0.195	480	16,800
0	e2622	fagussyl	0.188	440	15,400
0	e2631	fagussyl	0.113	360	12,600
0	e2632	fagussyl	0.105	320	11,200
0	e2721	fagussyl	0.068	280	9,800
0	e2722	fagussyl	0.065	240	8,400
0	e2731	fagussyl	0.035	160	5,600
0	e2732	fagussyl	0.033	120	4,200
0	e2821	fagussyl	0.000	0	0
0	e2822	fagussyl	0.000	0	0
0	e2831	fagussyl	0.000	0	0
0	e2832	fagussyl	0.000	0	0
0	e2921	fagussyl	0.000	0	0
0	e2922	fagussyl	0.000	0	0
0	e2931	fagussyl	0.000	0	0
0	e2932	fagussyl	0.000	0	0
0	e3021	fagussyl	0.000	0	0
0	e3022	fagussyl	0.000	0	0
0	e3031	fagussyl	0.000	0	0
0	e3032	fagussyl	0.000	0	0
					
0	e0121	acerpseu	0.055	515	15,435
0	e0122	acerpseu	0.053	490	14,700
0	e0131	acerpseu	0.048	490	14,700
0	e0132	acerpseu	0.045	466	13,965
0	e0221	acerpseu	0.066	508	15,226
0	e0222	acerpseu	0.063	488	14,640
0	e0231	acerpseu	0.057	488	14,640
0	e0232	acerpseu	0.054	468	14,054
0	e0321	acerpseu	0.077	501	15,017
0	e0322	acerpseu	0.074	486	14,580
0	e0331	acerpseu	0.067	486	14,580
0	e0332	acerpseu	0.063	471	14,143
0	e0421	acerpseu	0.088	496	14,883
0	e0422	acerpseu	0.084	484	14,520
0	e0431	acerpseu	0.076	484	14,520
0	e0432	acerpseu	0.072	472	14,157
0	e0521	acerpseu	0.099	492	14,749
0	e0522	acerpseu	0.095	482	14,460
0	e0531	acerpseu	0.086	482	14,460
0	e0532	acerpseu	0.081	472	14,171
0	e0621	acerpseu	0.110	487	14,616
0	e0622	acerpseu	0.105	480	14,400
0	e0631	acerpseu	0.095	480	14,400
0	e0632	acerpseu	0.090	473	14,184
0	e0721	acerpseu	0.121	485	14,555
0	e0722	acerpseu	0.116	478	14,340
0	e0731	acerpseu	0.105	478	14,340
0	e0732	acerpseu	0.099	471	14,125
0	e0821	acerpseu	0.132	483	14,494
0	e0822	acerpseu	0.126	476	14,280
0	e0831	acerpseu	0.114	476	14,280
0	e0832	acerpseu	0.108	469	14,066
0	e0921	acerpseu	0.143	481	14,433
0	e0922	acerpseu	0.137	474	14,220
0	e0931	acerpseu	0.124	474	14,220
0	e0932	acerpseu	0.117	467	14,007
0	e1021	acerpseu	0.154	479	14,372
0	e1022	acerpseu	0.147	472	14,160
0	e1031	acerpseu	0.133	472	14,160
0	e1032	acerpseu	0.126	465	13,948
0	e1121	acerpseu	0.171	477	14,312
0	e1122	acerpseu	0.163	470	14,100
0	e1131	acerpseu	0.147	470	14,100
0	e1132	acerpseu	0.140	463	13,889
0	e1221	acerpseu	0.187	475	14,251
0	e1222	acerpseu	0.179	468	14,040
0	e1231	acerpseu	0.162	468	14,040
0	e1232	acerpseu	0.153	461	13,829
0	e1321	acerpseu	0.209	473	14,190
0	e1322	acerpseu	0.200	466	13,980
0	e1331	acerpseu	0.181	466	13,980
0	e1332	acerpseu	0.171	459	13,770
0	e1421	acerpseu	0.231	471	14,129
0	e1422	acerpseu	0.221	464	13,920
0	e1431	acerpseu	0.200	464	13,920
0	e1432	acerpseu	0.189	457	13,711
0	e1521	acerpseu	0.253	469	14,068
0	e1522	acerpseu	0.242	462	13,860
0	e1531	acerpseu	0.219	462	13,860
0	e1532	acerpseu	0.207	455	13,652
0	e1621	acerpseu	0.275	467	14,007
0	e1622	acerpseu	0.263	460	13,800
0	e1631	acerpseu	0.238	460	13,800
0	e1632	acerpseu	0.225	453	13,593
0	e1721	acerpseu	0.297	462	13,855
0	e1722	acerpseu	0.284	455	13,650
0	e1731	acerpseu	0.257	455	13,650
0	e1732	acerpseu	0.243	448	13,445
0	e1821	acerpseu	0.330	457	13,703
0	e1822	acerpseu	0.315	450	13,500
0	e1831	acerpseu	0.285	450	13,500
0	e1832	acerpseu	0.270	443	13,298
0	e1921	acerpseu	0.363	452	13,550
0	e1922	acerpseu	0.347	445	13,350
0	e1931	acerpseu	0.314	445	13,350
0	e1932	acerpseu	0.297	438	13,150
0	e2021	acerpseu	0.396	447	13,398
0	e2022	acerpseu	0.378	440	13,200
0	e2031	acerpseu	0.342	440	13,200
0	e2032	acerpseu	0.324	433	13,002
0	e2121	acerpseu	0.429	442	13,246
0	e2122	acerpseu	0.410	435	13,050
0	e2131	acerpseu	0.371	435	13,050
0	e2132	acerpseu	0.351	428	12,854
0	e2221	acerpseu	0.462	436	13,094
0	e2222	acerpseu	0.441	430	12,900
0	e2231	acerpseu	0.399	430	12,900
0	e2232	acerpseu	0.378	424	12,707
0	e2321	acerpseu	0.495	426	12,789
0	e2322	acerpseu	0.473	420	12,600
0	e2331	acerpseu	0.428	420	12,600
0	e2332	acerpseu	0.405	414	12,411
0	e2421	acerpseu	0.517	416	12,485
0	e2422	acerpseu	0.494	410	12,300
0	e2431	acerpseu	0.447	410	12,300
0	e2432	acerpseu	0.423	404	12,116
0	e2521	acerpseu	0.483	408	12,240
0	e2522	acerpseu	0.483	404	12,120
0	e2531	acerpseu	0.437	396	11,880
0	e2532	acerpseu	0.437	392	11,760
0	e2621	acerpseu	0.420	391	11,742
0	e2622	acerpseu	0.420	388	11,628
0	e2631	acerpseu	0.380	372	11,172
0	e2632	acerpseu	0.380	369	11,058
0	e2721	acerpseu	0.308	352	10,560
0	e2722	acerpseu	0.308	342	10,272
0	e2731	acerpseu	0.252	298	8,928
0	e2732	acerpseu	0.252	288	8,640
0	e2821	acerpseu	0.120	280	8,400
0	e2822	acerpseu	0.120	260	7,800
0	e2831	acerpseu	0.080	140	4,200
0	e2832	acerpseu	0.080	120	3,600
0	e2921	acerpseu	0.000	0	0
0	e2922	acerpseu	0.000	0	0
0	e2931	acerpseu	0.000	0	0
0	e2932	acerpseu	0.000	0	0
0	e3021	acerpseu	0.000	0	0
0	e3022	acerpseu	0.000	0	0
0	e3031	acerpseu	0.000	0	0
0	e3032	acerpseu	0.000	0	0
					
0	e0121	querrope	0.713	525	23,634
0	e0122	querrope	0.713	525	23,634
0	e0131	querrope	0.788	515	23,166
0	e0132	querrope	0.788	515	23,166
0	e0221	querrope	0.703	523	23,543
0	e0222	querrope	0.703	523	23,543
0	e0231	querrope	0.777	513	23,077
0	e0232	querrope	0.777	513	23,077
0	e0321	querrope	0.686	521	23,452
0	e0322	querrope	0.686	521	23,452
0	e0331	querrope	0.774	511	22,988
0	e0332	querrope	0.774	511	22,988
0	e0421	querrope	0.677	519	23,361
0	e0422	querrope	0.677	519	23,361
0	e0431	querrope	0.763	509	22,899
0	e0432	querrope	0.763	509	22,899
0	e0521	querrope	0.660	517	23,270
0	e0522	querrope	0.660	517	23,270
0	e0531	querrope	0.760	507	22,810
0	e0532	querrope	0.760	507	22,810
0	e0621	querrope	0.651	515	23,180
0	e0622	querrope	0.651	515	23,180
0	e0631	querrope	0.749	505	22,721
0	e0632	querrope	0.749	505	22,721
0	e0721	querrope	0.635	513	23,089
0	e0722	querrope	0.635	513	23,089
0	e0731	querrope	0.745	503	22,631
0	e0732	querrope	0.745	503	22,631
0	e0821	querrope	0.626	511	22,998
0	e0822	querrope	0.626	511	22,998
0	e0831	querrope	0.734	501	22,542
0	e0832	querrope	0.734	501	22,542
0	e0921	querrope	0.601	509	22,907
0	e0922	querrope	0.601	509	22,907
0	e0931	querrope	0.719	499	22,453
0	e0932	querrope	0.719	499	22,453
0	e1021	querrope	0.576	507	22,816
0	e1022	querrope	0.576	507	22,816
0	e1031	querrope	0.704	497	22,364
0	e1032	querrope	0.704	497	22,364
0	e1121	querrope	0.537	503	22,634
0	e1122	querrope	0.537	503	22,634
0	e1131	querrope	0.683	493	22,186
0	e1132	querrope	0.683	493	22,186
0	e1221	querrope	0.499	495	22,271
0	e1222	querrope	0.499	495	22,271
0	e1231	querrope	0.661	485	21,830
0	e1232	querrope	0.661	485	21,830
0	e1321	querrope	0.459	479	21,543
0	e1322	querrope	0.459	479	21,543
0	e1331	querrope	0.621	469	21,117
0	e1332	querrope	0.621	469	21,117
0	e1421	querrope	0.400	463	20,816
0	e1422	querrope	0.400	463	20,816
0	e1431	querrope	0.600	453	20,404
0	e1432	querrope	0.600	453	20,404
0	e1521	querrope	0.352	436	19,634
0	e1522	querrope	0.352	436	19,634
0	e1531	querrope	0.528	428	19,246
0	e1532	querrope	0.528	428	19,246
0	e1621	querrope	0.252	398	17,907
0	e1622	querrope	0.252	398	17,907
0	e1631	querrope	0.468	390	17,553
0	e1632	querrope	0.468	390	17,553
0	e1721	querrope	0.120	333	14,999
0	e1722	querrope	0.120	333	14,999
0	e1731	querrope	0.360	327	14,702
0	e1732	querrope	0.360	327	14,702
0	e1821	querrope	0.000	202	9,090
0	e1822	querrope	0.000	202	9,090
0	e1831	querrope	0.200	198	8,910
0	e1832	querrope	0.200	198	8,910
0	e1921	querrope	0.000	0	0
0	e1922	querrope	0.000	0	0
0	e1931	querrope	0.000	0	0
0	e1932	querrope	0.000	0	0
0	e2021	querrope	0.000	0	0
0	e2022	querrope	0.000	0	0
0	e2031	querrope	0.000	0	0
0	e2032	querrope	0.000	0	0
0	e2121	querrope	0.000	0	0
0	e2122	querrope	0.000	0	0
0	e2131	querrope	0.000	0	0
0	e2132	querrope	0.000	0	0
0	e2221	querrope	0.000	0	0
0	e2222	querrope	0.000	0	0
0	e2231	querrope	0.000	0	0
0	e2232	querrope	0.000	0	0
0	e2321	querrope	0.000	0	0
0	e2322	querrope	0.000	0	0
0	e2331	querrope	0.000	0	0
0	e2332	querrope	0.000	0	0
0	e2421	querrope	0.000	0	0
0	e2422	querrope	0.000	0	0
0	e2431	querrope	0.000	0	0
0	e2432	querrope	0.000	0	0
0	e2521	querrope	0.000	0	0
0	e2522	querrope	0.000	0	0
0	e2531	querrope	0.000	0	0
0	e2532	querrope	0.000	0	0
0	e2621	querrope	0.000	0	0
0	e2622	querrope	0.000	0	0
0	e2631	querrope	0.000	0	0
0	e2632	querrope	0.000	0	0
0	e2721	querrope	0.000	0	0
0	e2722	querrope	0.000	0	0
0	e2731	querrope	0.000	0	0
0	e2732	querrope	0.000	0	0
0	e2821	querrope	0.000	0	0
0	e2822	querrope	0.000	0	0
0	e2831	querrope	0.000	0	0
0	e2832	querrope	0.000	0	0
0	e2921	querrope	0.000	0	0
0	e2922	querrope	0.000	0	0
0	e2931	querrope	0.000	0	0
0	e2932	querrope	0.000	0	0
0	e3021	querrope	0.000	0	0
0	e3022	querrope	0.000	0	0
0	e3031	querrope	0.000	0	0
0	e3032	querrope	0.000	0	0
					
0	e0121	carpibet	0.788	661	9,917
0	e0122	carpibet	0.750	645	9,675
0	e0131	carpibet	0.750	645	9,675
0	e0132	carpibet	0.713	629	9,433
0	e0221	carpibet	0.777	659	9,886
0	e0222	carpibet	0.740	643	9,645
0	e0231	carpibet	0.740	643	9,645
0	e0232	carpibet	0.703	627	9,404
0	e0321	carpibet	0.767	657	9,855
0	e0322	carpibet	0.730	641	9,615
0	e0331	carpibet	0.730	641	9,615
0	e0332	carpibet	0.694	625	9,375
0	e0421	carpibet	0.756	655	9,825
0	e0422	carpibet	0.720	639	9,585
0	e0431	carpibet	0.720	639	9,585
0	e0432	carpibet	0.684	623	9,345
0	e0521	carpibet	0.746	653	9,794
0	e0522	carpibet	0.710	637	9,555
0	e0531	carpibet	0.710	637	9,555
0	e0532	carpibet	0.675	621	9,316
0	e0621	carpibet	0.735	651	9,763
0	e0622	carpibet	0.700	635	9,525
0	e0631	carpibet	0.700	635	9,525
0	e0632	carpibet	0.665	619	9,287
0	e0721	carpibet	0.725	649	9,732
0	e0722	carpibet	0.690	633	9,495
0	e0731	carpibet	0.690	633	9,495
0	e0732	carpibet	0.656	617	9,258
0	e0821	carpibet	0.714	647	9,702
0	e0822	carpibet	0.680	631	9,465
0	e0831	carpibet	0.680	631	9,465
0	e0832	carpibet	0.646	615	9,228
0	e0921	carpibet	0.693	645	9,671
0	e0922	carpibet	0.660	629	9,435
0	e0931	carpibet	0.660	629	9,435
0	e0932	carpibet	0.627	613	9,199
0	e1021	carpibet	0.672	641	9,609
0	e1022	carpibet	0.640	625	9,375
0	e1031	carpibet	0.640	625	9,375
0	e1032	carpibet	0.608	609	9,141
0	e1121	carpibet	0.610	632	9,486
0	e1122	carpibet	0.598	617	9,255
0	e1131	carpibet	0.622	617	9,255
0	e1132	carpibet	0.610	602	9,024
0	e1221	carpibet	0.568	620	9,302
0	e1222	carpibet	0.557	605	9,075
0	e1231	carpibet	0.603	605	9,075
0	e1232	carpibet	0.592	590	8,848
0	e1321	carpibet	0.529	602	9,025
0	e1322	carpibet	0.518	587	8,805
0	e1331	carpibet	0.562	587	8,805
0	e1332	carpibet	0.551	572	8,585
0	e1421	carpibet	0.485	577	8,656
0	e1422	carpibet	0.470	563	8,445
0	e1431	carpibet	0.530	563	8,445
0	e1432	carpibet	0.515	549	8,234
0	e1521	carpibet	0.396	540	8,103
0	e1522	carpibet	0.378	527	7,905
0	e1531	carpibet	0.502	527	7,905
0	e1532	carpibet	0.484	514	7,707
0	e1621	carpibet	0.288	491	7,365
0	e1622	carpibet	0.266	479	7,185
0	e1631	carpibet	0.454	479	7,185
0	e1632	carpibet	0.432	467	7,005
0	e1721	carpibet	0.154	417	6,258
0	e1722	carpibet	0.120	407	6,105
0	e1731	carpibet	0.360	407	6,105
0	e1732	carpibet	0.326	397	5,952
0	e1821	carpibet	0.000	269	4,028
0	e1822	carpibet	0.000	262	3,930
0	e1831	carpibet	0.200	262	3,930
0	e1832	carpibet	0.150	255	3,832
0	e1921	carpibet	0.000	0	0
0	e1922	carpibet	0.000	0	0
0	e1931	carpibet	0.000	0	0
0	e1932	carpibet	0.000	0	0
0	e2021	carpibet	0.000	0	0
0	e2022	carpibet	0.000	0	0
0	e2031	carpibet	0.000	0	0
0	e2032	carpibet	0.000	0	0
0	e2121	carpibet	0.000	0	0
0	e2122	carpibet	0.000	0	0
0	e2131	carpibet	0.000	0	0
0	e2132	carpibet	0.000	0	0
0	e2221	carpibet	0.000	0	0
0	e2222	carpibet	0.000	0	0
0	e2231	carpibet	0.000	0	0
0	e2232	carpibet	0.000	0	0
0	e2321	carpibet	0.000	0	0
0	e2322	carpibet	0.000	0	0
0	e2331	carpibet	0.000	0	0
0	e2332	carpibet	0.000	0	0
0	e2421	carpibet	0.000	0	0
0	e2422	carpibet	0.000	0	0
0	e2431	carpibet	0.000	0	0
0	e2432	carpibet	0.000	0	0
0	e2521	carpibet	0.000	0	0
0	e2522	carpibet	0.000	0	0
0	e2531	carpibet	0.000	0	0
0	e2532	carpibet	0.000	0	0
0	e2621	carpibet	0.000	0	0
0	e2622	carpibet	0.000	0	0
0	e2631	carpibet	0.000	0	0
0	e2632	carpibet	0.000	0	0
0	e2721	carpibet	0.000	0	0
0	e2722	carpibet	0.000	0	0
0	e2731	carpibet	0.000	0	0
0	e2732	carpibet	0.000	0	0
0	e2821	carpibet	0.000	0	0
0	e2822	carpibet	0.000	0	0
0	e2831	carpibet	0.000	0	0
0	e2832	carpibet	0.000	0	0
0	e2921	carpibet	0.000	0	0
0	e2922	carpibet	0.000	0	0
0	e2931	carpibet	0.000	0	0
0	e2932	carpibet	0.000	0	0
0	e3021	carpibet	0.000	0	0
0	e3022	carpibet	0.000	0	0
0	e3031	carpibet	0.000	0	0
0	e3032	carpibet	0.000	0	0
